0.000000000000000000e+00 -3.700895030000000280e-02 -3.700895030000000280e-02 -2.279636789999999955e-02 4.608453231100000380e+00 4.608453231100000380e+00 7.391290374099999561e+00
3.043899999999999991e-03 7.067831759999999852e-02 7.067833480000000612e-02 1.311603536000000014e-01 4.607823383300000408e+00 4.607823383300000408e+00 7.390421646800000133e+00
6.087699999999999709e-03 1.551854555000000135e-01 1.551854867999999943e-01 2.652255488999999966e-01 4.605938674699999957e+00 4.605938674799999966e+00 7.387820262400000004e+00
9.131600000000000134e-03 2.363625151000000035e-01 2.363625608999999905e-01 3.985288177999999903e-01 4.602813504000000222e+00 4.602813504400000255e+00 7.383500523100000379e+00
1.217550000000000056e-02 3.167161923999999851e-01 3.167162526000000256e-01 5.315185077999999841e-01 4.598471519100000293e+00 4.598471519600000335e+00 7.377485969200000326e+00
1.521929999999999984e-02 3.966764184000000082e-01 3.966764924999999775e-01 6.642427213999999580e-01 4.592945098799999570e+00 4.592945099599999637e+00 7.369808939600000386e+00
1.826320000000000027e-02 4.763665552999999941e-01 4.763666427000000092e-01 7.966836389000000462e-01 4.586274645099999603e+00 4.586274646299999702e+00 7.360509972500000053e+00
2.130709999999999896e-02 5.558255280999999659e-01 5.558256282000000326e-01 9.288044118999999599e-01 4.578507699300000233e+00 4.578507700900000366e+00 7.349637056799999790e+00
2.435090000000000171e-02 6.350614507999999825e-01 6.350615628000000346e-01 1.060560735099999929e+00 4.569697903199999800e+00 4.569697905199999965e+00 7.337244753700000288e+00
2.739480000000000040e-02 7.140692100000000098e-01 7.140693328999999645e-01 1.191904590500000083e+00 4.559903828600000431e+00 4.559903831099999749e+00 7.323393207199999644e+00
3.043859999999999968e-02 7.928373995999999924e-01 7.928375326000000056e-01 1.322785631199999923e+00 4.549187702300000247e+00 4.549187705199999598e+00 7.308147067100000172e+00
3.348249999999999837e-02 8.713513963000000251e-01 8.713515383000000059e-01 1.453151693699999969e+00 4.537614055499999743e+00 4.537614059000000033e+00 7.291574348400000183e+00
3.652640000000000053e-02 9.495948121999999714e-01 9.495949621999999479e-01 1.582948934300000055e+00 4.525248331600000284e+00 4.525248335599999727e+00 7.273745253499999563e+00
3.957019999999999982e-02 1.027550181999999923e+00 1.027550338700000010e+00 1.712121783800000019e+00 4.512155482399999862e+00 4.512155486900000234e+00 7.254730985400000165e+00
4.261410000000000198e-02 1.105199251099999946e+00 1.105199413500000061e+00 1.840612805599999957e+00 4.498398589699999839e+00 4.498398594700000253e+00 7.234602577999999617e+00
4.565799999999999720e-02 1.182523039999999970e+00 1.182523206800000004e+00 1.968362501699999934e+00 4.484037544000000430e+00 4.484037549399999989e+00 7.213429770200000313e+00
4.870180000000000342e-02 1.259501773099999999e+00 1.259501943200000085e+00 2.095309088800000108e+00 4.469127812199999994e+00 4.469127818099999594e+00 7.191279951800000347e+00
5.174569999999999864e-02 1.336114726099999928e+00 1.336114898199999956e+00 2.221388263200000157e+00 4.453719325999999867e+00 4.453719332300000389e+00 7.168217202500000163e+00
5.478960000000000080e-02 1.412340021199999907e+00 1.412340194200000010e+00 2.346532963100000035e+00 4.437855515599999912e+00 4.437855522299999578e+00 7.144301449300000328e+00
5.783340000000000009e-02 1.488154393699999911e+00 1.488154566499999998e+00 2.470673138800000057e+00 4.421572513200000110e+00 4.421572520199999801e+00 7.119587759199999866e+00
6.087730000000000224e-02 1.563532945099999960e+00 1.563533116599999939e+00 2.593735533899999890e+00 4.404898544299999941e+00 4.404898551599999657e+00 7.094125787100000302e+00
6.392119999999999747e-02 1.638448893100000081e+00 1.638449062400000100e+00 2.715643482900000016e+00 4.387853520900000248e+00 4.387853528399999981e+00 7.067959390899999583e+00
6.696499999999999675e-02 1.712873328099999926e+00 1.712873494099999894e+00 2.836316722999999929e+00 4.370448844600000271e+00 4.370448852300000020e+00 7.041126427500000062e+00
7.000889999999999891e-02 1.786774979800000107e+00 1.786775141699999958e+00 2.955671218400000022e+00 4.352687425000000054e+00 4.352687432599999795e+00 7.013658738700000228e+00
7.305280000000000107e-02 1.860119996799999953e+00 1.860120153700000056e+00 3.073618988899999849e+00 4.334563910800000031e+00 4.334563918499999779e+00 6.985582335000000143e+00
7.609660000000000035e-02 1.932871736100000071e+00 1.932871887399999933e+00 3.190067931200000206e+00 4.316065132500000345e+00 4.316065140000000078e+00 6.956917786100000001e+00
7.914050000000000251e-02 2.004990559599999944e+00 2.004990704499999943e+00 3.304921615500000076e+00 4.297170746199999947e+00 4.297170753599999671e+00 6.927680824200000309e+00
8.218430000000000180e-02 2.076433625599999999e+00 2.076433763599999871e+00 3.418079033899999786e+00 4.277854073400000345e+00 4.277854080500000045e+00 6.897883172700000287e+00
8.522820000000000396e-02 2.147154663799999863e+00 2.147154794400000011e+00 3.529434269799999857e+00 4.258083126899999904e+00 4.258083133599999570e+00 6.867533611499999857e+00
8.827210000000000611e-02 2.217103712500000157e+00 2.217103835400000111e+00 3.638876047600000163e+00 4.237821817200000396e+00 4.237821823500000029e+00 6.836639300799999930e+00
9.131590000000000540e-02 2.286226792899999971e+00 2.286226907800000152e+00 3.746287112600000135e+00 4.217031338800000029e+00 4.217031344599999620e+00 6.805207390599999684e+00
9.435979999999999368e-02 2.354465485099999977e+00 2.354465591899999932e+00 3.851543377000000046e+00 4.195671742400000070e+00 4.195671747599999613e+00 6.773246956300000399e+00
9.740369999999999584e-02 2.421756358800000175e+00 2.421756457199999879e+00 3.954512752699999911e+00 4.173703712200000027e+00 4.173703716800000407e+00 6.740771316900000087e+00
1.004474999999999951e-01 2.488030194599999856e+00 2.488030284800000214e+00 4.055053569900000099e+00 4.151090585000000388e+00 4.151090588899999823e+00 6.707800810900000243e+00
1.034913999999999973e-01 2.553210910299999803e+00 2.553210992299999926e+00 4.127800672400000259e+00 4.127800675599999636e+00 4.153012457800000057e+00 6.674366133000000367e+00
1.065352999999999994e-01 2.617214067799999988e+00 2.617214141699999885e+00 4.103809987600000042e+00 4.103809990000000241e+00 4.248221532899999708e+00 6.640512363100000037e+00
1.095790999999999987e-01 2.679944787999999800e+00 2.679944853999999932e+00 4.079105529499999605e+00 4.079105531199999746e+00 4.340494708399999624e+00 6.606303857100000343e+00
1.126230000000000009e-01 2.741294822500000006e+00 2.741294880799999945e+00 4.053689360899999983e+00 4.053689361900000065e+00 4.429622899499999988e+00 6.571830205100000377e+00
1.156669000000000030e-01 2.801138413899999957e+00 2.801138465000000188e+00 4.027583832700000421e+00 4.027583832999999558e+00 4.515367873499999796e+00 6.537213496299999704e+00
1.187107000000000023e-01 2.859326405700000073e+00 2.859326449800000169e+00 4.000838487800000287e+00 4.000838488200000320e+00 4.597454485300000115e+00 6.502617136799999642e+00
1.217546000000000045e-01 2.915677800600000147e+00 2.915677838100000141e+00 3.973539435599999781e+00 3.973539436599999863e+00 4.675561090699999589e+00 6.468256419400000290e+00
1.247985000000000066e-01 2.969967599899999922e+00 2.969967631199999847e+00 3.945822362299999941e+00 3.945822363700000057e+00 4.749308104499999850e+00 6.434410871599999915e+00
1.278422999999999921e-01 3.021909251899999926e+00 3.021909277499999824e+00 3.917890844800000050e+00 3.917890846600000199e+00 4.818245078800000414e+00 6.401438001999999905e+00
1.308862000000000081e-01 3.071129481099999836e+00 3.071129501500000192e+00 3.890042201199999994e+00 3.890042203100000151e+00 4.881837493499999958e+00 6.369787250399999934e+00
1.339299999999999935e-01 3.117132971999999835e+00 3.117132987599999794e+00 3.862703399699999984e+00 3.862703401700000150e+00 4.939455896300000148e+00 6.340011503700000439e+00
1.369739000000000095e-01 3.159255452900000094e+00 3.159255464200000141e+00 3.836478488700000078e+00 3.836478490499999783e+00 4.990372241000000209e+00 6.312771329200000281e+00
1.400177999999999978e-01 3.196608974000000103e+00 3.196608981599999844e+00 3.812203752699999892e+00 3.812203754200000017e+00 5.033771017900000366e+00 6.288824333200000005e+00
1.430616000000000110e-01 3.228038334099999851e+00 3.228038338500000215e+00 3.790991645600000126e+00 3.790991646600000209e+00 5.068784785200000087e+00 6.268990037100000023e+00
1.461054999999999993e-01 3.252138670899999973e+00 3.252138673000000146e+00 3.774213489200000105e+00 3.774213489700000146e+00 5.094562189900000426e+00 6.254082186599999815e+00
1.491493999999999875e-01 3.267419264199999951e+00 3.267419264699999992e+00 3.763335891100000108e+00 3.763335891200000116e+00 5.110367832799999732e+00 6.244809139400000042e+00
1.521932000000000007e-01 3.272671109800000089e+00 3.272671109800000089e+00 3.759553325899999798e+00 3.759553325899999798e+00 5.115696593400000047e+00 6.241659719900000347e+00
1.521932000000000007e-01 3.272671109800000089e+00 3.272671109800000089e+00 3.759553325899999798e+00 3.759553325899999798e+00 5.115696593400000047e+00 6.241659719900000347e+00
1.552370999999999890e-01 3.269980910100000138e+00 3.274190354999999997e+00 3.760099199199999909e+00 3.762737305899999996e+00 5.114596137999999570e+00 6.240100388200000125e+00
1.582810000000000050e-01 3.262123796800000086e+00 3.278730634900000052e+00 3.761725250800000087e+00 3.772069889199999970e+00 5.111306039199999596e+00 6.235427864300000067e+00
1.613247999999999904e-01 3.249671748299999940e+00 3.286239933900000132e+00 3.764396440100000074e+00 3.786961609700000064e+00 5.105860472399999850e+00 6.227658575000000418e+00
1.643687000000000065e-01 3.233395166299999790e+00 3.296632718900000203e+00 3.768053239099999896e+00 3.806613289700000013e+00 5.098317588399999600e+00 6.216819942299999902e+00
1.674125999999999947e-01 3.214100321800000160e+00 3.309791595500000128e+00 3.772609967300000200e+00 3.830179140599999865e+00 5.088761303700000127e+00 6.202950446800000073e+00
1.704564000000000079e-01 3.192521681100000119e+00 3.325569461999999810e+00 3.777952525199999911e+00 3.856875183700000154e+00 5.077303807499999877e+00 6.186099707000000336e+00
1.735002999999999962e-01 3.169275208799999799e+00 3.343791987899999985e+00 3.783935632699999996e+00 3.886026875100000222e+00 5.064088758299999604e+00 6.166328569800000103e+00
1.765442000000000122e-01 3.144852653700000111e+00 3.364260182399999799e+00 3.790379772200000108e+00 3.917075909199999817e+00 5.049295101700000288e+00 6.143709203600000279e+00
1.795879999999999976e-01 3.119635507899999993e+00 3.386752726400000135e+00 3.797068206300000082e+00 3.949567481199999897e+00 5.033141353399999574e+00 6.118325184799999761e+00
1.826319000000000137e-01 3.093914983599999946e+00 3.411027603600000013e+00 3.803744715600000159e+00 3.983131637500000100e+00 5.015890053899999756e+00 6.090271570899999709e+00
1.856756999999999991e-01 3.067911421399999838e+00 3.436822325500000108e+00 3.810113167399999945e+00 4.017465268899999664e+00 4.997851886700000357e+00 6.059654952699999875e+00
1.887195999999999874e-01 3.041790766000000090e+00 3.463851595800000016e+00 3.815840780899999896e+00 4.052317074500000338e+00 4.979388648699999642e+00 6.026593481399999952e+00
1.917635000000000034e-01 3.015677742699999886e+00 3.491800388300000169e+00 3.820568217299999958e+00 4.087475834400000174e+00 4.960913885800000145e+00 5.991216867200000351e+00
1.948072999999999888e-01 2.989666119799999855e+00 3.520308637899999926e+00 3.823931806000000044e+00 4.122761570299999789e+00 4.942889613100000190e+00 5.953666353100000030e+00
1.978512000000000048e-01 2.963826629100000165e+00 3.548939991200000144e+00 3.825607237999999910e+00 4.158018989000000332e+00 4.925817278400000276e+00 5.914094665500000403e+00
2.008950999999999931e-01 2.938213080100000152e+00 3.577119041600000049e+00 3.825391960200000163e+00 4.193112647200000431e+00 4.910221262200000325e+00 5.872665952600000239e+00
2.039389000000000063e-01 2.912867098500000029e+00 3.604005030000000165e+00 3.823359116599999830e+00 4.227923377399999794e+00 4.896624049999999784e+00 5.829555720800000174e+00
2.069827999999999946e-01 2.887821817899999921e+00 3.628244381600000068e+00 3.820139725799999830e+00 4.262345624199999961e+00 4.885513983300000085e+00 5.784950784500000331e+00
2.100267000000000106e-01 2.863104763099999950e+00 3.647560463300000055e+00 3.817371270699999819e+00 4.296285432900000423e+00 4.877309009400000228e+00 5.739049243500000230e+00
2.130704999999999960e-01 2.838740101700000018e+00 3.658485616600000156e+00 3.818001775900000005e+00 4.329658900900000162e+00 4.872322282999999921e+00 5.692060506299999822e+00
2.161144000000000120e-01 2.814750387200000148e+00 3.657480334000000166e+00 3.825197578200000059e+00 4.362390957599999730e+00 4.870736541200000325e+00 5.644205369499999847e+00
2.191583000000000003e-01 2.791157888199999881e+00 3.643569021599999846e+00 3.839719749699999962e+00 4.394414375400000239e+00 4.872592851600000330e+00 5.595716165699999856e+00
2.222021000000000135e-01 2.767985569499999965e+00 3.618621907100000090e+00 3.859637594200000077e+00 4.425668944899999957e+00 4.877795766700000257e+00 5.546836978900000048e+00
2.252460000000000018e-01 2.745257782499999966e+00 3.585101141200000008e+00 3.882563469800000000e+00 4.456100764600000375e+00 4.886132605900000314e+00 5.497823925199999628e+00
2.282898999999999901e-01 2.723000703499999897e+00 3.544886951600000113e+00 3.906798539600000009e+00 4.485661614599999680e+00 4.897301434200000081e+00 5.448945487899999662e+00
2.313337000000000032e-01 2.701242559299999790e+00 3.499298006400000105e+00 3.931281642600000126e+00 4.514308389800000043e+00 4.910941401199999667e+00 5.400482911500000149e+00
2.343775999999999915e-01 2.680013671599999814e+00 3.449319857999999961e+00 3.955332653500000184e+00 4.542002580100000131e+00 4.926660152700000239e+00 5.352730727099999974e+00
2.374215000000000075e-01 2.659346349199999793e+00 3.395756109400000167e+00 3.978478867899999827e+00 4.568709787599999572e+00 4.944054846100000233e+00 5.305997711699999897e+00
2.404652999999999929e-01 2.639274656900000071e+00 3.339306854799999780e+00 4.000361093699999593e+00 4.594399276299999890e+00 4.962724489200000200e+00 5.260609350100000192e+00
2.435092000000000090e-01 2.619834088000000172e+00 3.280608078699999819e+00 4.020685697800000291e+00 4.619043553000000024e+00 4.982269977399999661e+00 5.216915495600000341e+00
2.465529999999999944e-01 2.601061165099999961e+00 3.220252452099999996e+00 4.039201503900000212e+00 4.642617977499999604e+00 5.002268204699999998e+00 5.175317528899999964e+00
2.495969000000000104e-01 2.582992995000000125e+00 3.158801402699999983e+00 4.055690854699999903e+00 4.665100404400000400e+00 5.022150874200000281e+00 5.136385189300000320e+00
2.526407999999999987e-01 2.565666800499999844e+00 3.096792919599999916e+00 4.069969593299999744e+00 4.686470857899999842e+00 5.040453503100000177e+00 5.101598353199999991e+00
2.556845999999999841e-01 2.549119449199999998e+00 3.034747050600000051e+00 4.081893148199999821e+00 4.706711240099999749e+00 5.047084276899999722e+00 5.081064934899999663e+00
2.587284999999999724e-01 2.533386999699999809e+00 2.973169933999999959e+00 4.091366699800000006e+00 4.725805075500000285e+00 5.025736510999999851e+00 5.091092281299999911e+00
2.617724000000000162e-01 2.518504280200000167e+00 2.912556712599999820e+00 4.098357317999999694e+00 4.743737291599999573e+00 4.999338772699999822e+00 5.108719710199999930e+00
2.648162000000000016e-01 2.504504513200000115e+00 2.853393455800000034e+00 4.102905492599999704e+00 4.760494037199999973e+00 4.974916333000000357e+00 5.126840898000000202e+00
2.678600999999999899e-01 2.491418995800000147e+00 2.796158107600000164e+00 4.105133130499999616e+00 4.776062536799999592e+00 4.953353155200000302e+00 5.144429719899999753e+00
2.709039999999999782e-01 2.479276842300000006e+00 2.741320433099999843e+00 4.105245325600000328e+00 4.790430980100000014e+00 4.934784139099999578e+00 5.161142447999999661e+00
2.739478000000000191e-01 2.468104791400000053e+00 2.689340907400000091e+00 4.103524259500000326e+00 4.803588445399999962e+00 4.919125442400000381e+00 5.176790077199999729e+00
2.769917000000000074e-01 2.457927077699999963e+00 2.640668495399999927e+00 4.100315284399999705e+00 4.815524853300000352e+00 4.906182416400000079e+00 5.191241157600000378e+00
2.800355999999999956e-01 2.448765363900000214e+00 2.595737289800000180e+00 4.096007002200000358e+00 4.826230947100000002e+00 4.895694214399999744e+00 5.204394233800000436e+00
2.830793999999999810e-01 2.440638726300000005e+00 2.554962019600000023e+00 4.091008310600000364e+00 4.835698295900000332e+00 4.887364530300000176e+00 5.216167451899999641e+00
2.861233000000000248e-01 2.433563686399999870e+00 2.518732512200000162e+00 4.085725575999999748e+00 4.843919315700000006e+00 4.880886925599999593e+00 5.226493705900000286e+00
2.891672000000000131e-01 2.427554276099999964e+00 2.487407284700000165e+00 4.080542410799999686e+00 4.850887304299999592e+00 4.875965624300000023e+00 5.235317967200000311e+00
2.922109999999999985e-01 2.422622126899999895e+00 2.461306544800000218e+00 4.075803428400000428e+00 4.856596483299999711e+00 4.872331573400000337e+00 5.242595626800000019e+00
2.952548999999999868e-01 2.418776570299999928e+00 2.440704988999999880e+00 4.071802276099999673e+00 4.861042043900000387e+00 4.869753942900000077e+00 5.248291385399999953e+00
2.982987000000000277e-01 2.416024737599999916e+00 2.425824874299999934e+00 4.068773497399999606e+00 4.864220191500000290e+00 4.868047729799999779e+00 5.252378480199999977e+00
3.013426000000000160e-01 2.414371650500000133e+00 2.416829882600000090e+00 4.066887417900000301e+00 4.866128184599999962e+00 4.867078383299999977e+00 5.254838147000000070e+00
3.043865000000000043e-01 2.413820291600000001e+00 2.413820291600000001e+00 4.066247201999999561e+00 4.866764365599999920e+00 4.866764365599999920e+00 5.255659263400000114e+00
3.043865000000000043e-01 2.413820291600000001e+00 2.413820291600000001e+00 4.066247201999999561e+00 4.866764365599999920e+00 4.866764365599999920e+00 5.255659263400000114e+00
3.079011999999999860e-01 2.412704459700000026e+00 2.412704459700000026e+00 4.070938299099999824e+00 4.866496496499999935e+00 4.866496496499999935e+00 5.253166674200000053e+00
3.114160000000000261e-01 2.409357508199999831e+00 2.409357508199999831e+00 4.084959731399999683e+00 4.865694037099999925e+00 4.865694037099999925e+00 5.245690562000000057e+00
3.149307000000000079e-01 2.403781073699999826e+00 2.403781073699999826e+00 4.108157954300000192e+00 4.864360456900000074e+00 4.864360456900000074e+00 5.233235939300000084e+00
3.184454999999999925e-01 2.395977888100000008e+00 2.395977888100000008e+00 4.140282992300000409e+00 4.862501522799999698e+00 4.862501522799999698e+00 5.215811261199999826e+00
3.219601999999999742e-01 2.385951785300000072e+00 2.385951785300000072e+00 4.180996772600000355e+00 4.860125275999999772e+00 4.860125275999999772e+00 5.193428607000000419e+00
3.254750000000000143e-01 2.373707710600000187e+00 2.373707710600000187e+00 4.229883726799999799e+00 4.857241999600000248e+00 4.857241999600000248e+00 5.166104005900000296e+00
3.289896999999999960e-01 2.359251734299999903e+00 2.359251734299999903e+00 4.286462712999999702e+00 4.853864176000000086e+00 4.853864176000000086e+00 5.133858042099999963e+00
3.325044999999999806e-01 2.342591068299999968e+00 2.342591068299999968e+00 4.350199087600000070e+00 4.850006434400000010e+00 4.850006434400000010e+00 5.096717069300000347e+00
3.360192000000000179e-01 2.323734089199999797e+00 2.323734089199999797e+00 4.420515233599999760e+00 4.845685488700000043e+00 4.845685488700000043e+00 5.054715950400000324e+00
3.395340000000000025e-01 2.302690365000000128e+00 2.302690365000000128e+00 4.496795905199999943e+00 4.840920064399999667e+00 4.840920064399999667e+00 5.007905322200000064e+00
3.430486999999999842e-01 2.279470688800000033e+00 2.279470688800000033e+00 4.578375438100000139e+00 4.835730815099999802e+00 4.835730815099999802e+00 4.956375859199999567e+00
3.465635000000000243e-01 2.254087119199999822e+00 2.254087119199999822e+00 4.664429323000000238e+00 4.830140228400000346e+00 4.830140228400000346e+00 4.900376742199999747e+00
3.500783000000000089e-01 2.226553027700000076e+00 2.226553027700000076e+00 4.752602404600000163e+00 4.824172520900000372e+00 4.824172520900000372e+00 4.841695925199999806e+00
3.535929999999999906e-01 2.196883153599999972e+00 2.196883153599999972e+00 4.767326755600000077e+00 4.817853522600000105e+00 4.817853522600000105e+00 4.855349142499999715e+00
3.571077999999999752e-01 2.165093667399999866e+00 2.165093667399999866e+00 4.699414563800000444e+00 4.811210551300000304e+00 4.811210551300000304e+00 4.949992403100000438e+00
3.606225000000000125e-01 2.131202241800000063e+00 2.131202241800000063e+00 4.624686711799999905e+00 4.804272276099999850e+00 4.804272276099999850e+00 5.049297437299999913e+00
3.641372999999999971e-01 2.095228131099999835e+00 2.095228131099999835e+00 4.545068927199999997e+00 4.797068572899999772e+00 4.797068572899999772e+00 5.150858398799999627e+00
3.676519999999999788e-01 2.057192257800000146e+00 2.057192257800000146e+00 4.460842966400000442e+00 4.789630370400000281e+00 4.789630370400000281e+00 5.253942548100000387e+00
3.711668000000000189e-01 2.017117306699999890e+00 2.017117306699999890e+00 4.372134491299999759e+00 4.781989488799999855e+00 4.781989488799999855e+00 5.358003439700000037e+00
3.746815000000000007e-01 1.975027825299999984e+00 1.975027825299999984e+00 4.279036500400000165e+00 4.774178473000000089e+00 4.774178473000000089e+00 5.462557923900000389e+00
3.781962999999999853e-01 1.930950328500000035e+00 1.930950328500000035e+00 4.181634311899999901e+00 4.766230419800000284e+00 4.766230419800000284e+00 5.567161109199999736e+00
3.817110000000000225e-01 1.884913408300000093e+00 1.884913408300000093e+00 4.080012985799999825e+00 4.758178802599999813e+00 4.758178802599999813e+00 5.671398524299999799e+00
3.852258000000000071e-01 1.836947844600000046e+00 1.836947844600000046e+00 3.974260099799999946e+00 4.750057294900000393e+00 4.750057294900000393e+00 5.774882666599999936e+00
3.887404999999999888e-01 1.787086716799999975e+00 1.787086716799999975e+00 3.864466965200000104e+00 4.741899593200000318e+00 4.741899593200000318e+00 5.877250934800000159e+00
3.922552999999999734e-01 1.735365513699999918e+00 1.735365513699999918e+00 3.750729221199999852e+00 4.733739243299999622e+00 4.733739243299999622e+00 5.978164066599999771e+00
3.957700000000000107e-01 1.681822238999999941e+00 1.681822238999999941e+00 3.633147147399999888e+00 4.725609469500000159e+00 4.725609469500000159e+00 6.077304796299999978e+00
3.992847999999999953e-01 1.626497511099999960e+00 1.626497511099999960e+00 3.511825830499999856e+00 4.717543011100000072e+00 4.717543011100000072e+00 6.174376626299999948e+00
4.027994999999999770e-01 1.569434654099999937e+00 1.569434654099999937e+00 3.386875246599999834e+00 4.709571965900000379e+00 4.709571965900000379e+00 6.269102682099999768e+00
4.063143000000000171e-01 1.510679777400000035e+00 1.510679777400000035e+00 3.258410289199999976e+00 4.701727643299999926e+00 4.701727643299999926e+00 6.361224635800000193e+00
4.098289999999999988e-01 1.450281841300000041e+00 1.450281841300000041e+00 3.126550756499999917e+00 4.694040429000000181e+00 4.694040429000000181e+00 6.450501697700000037e+00
4.133437999999999835e-01 1.388292707199999976e+00 1.388292707199999976e+00 2.991421307900000048e+00 4.686539661300000326e+00 4.686539661300000326e+00 6.536709674399999948e+00
4.168585000000000207e-01 1.324767167000000079e+00 1.324767167000000079e+00 2.853151391799999992e+00 4.679253520499999652e+00 4.679253520499999652e+00 6.619640092800000097e+00
4.203733000000000053e-01 1.259762951499999950e+00 1.259762951499999950e+00 2.711875149699999987e+00 4.672208933100000294e+00 4.672208933100000294e+00 6.699099389799999749e+00
4.238880999999999899e-01 1.193340711600000104e+00 1.193340711600000104e+00 2.567731296399999863e+00 4.665431489300000401e+00 4.665431489300000401e+00 6.774908165700000318e+00
4.274028000000000271e-01 1.125563970199999986e+00 1.125563970199999986e+00 2.420862978000000165e+00 4.658945375400000088e+00 4.658945375400000088e+00 6.846900497700000088e+00
4.309176000000000117e-01 1.056499035399999897e+00 1.056499035399999897e+00 2.271417606600000028e+00 4.652773320299999682e+00 4.652773320299999682e+00 6.914923313200000088e+00
4.344322999999999935e-01 9.862148697000000519e-01 9.862148697000000519e-01 2.119546673699999939e+00 4.646936555599999963e+00 4.646936555599999963e+00 6.978835818000000302e+00
4.379470999999999781e-01 9.147828966000000062e-01 9.147828966000000062e-01 1.965405537399999902e+00 4.641454788199999903e+00 4.641454788199999903e+00 7.038508976400000172e+00
4.414618000000000153e-01 8.422767213999999836e-01 8.422767213999999836e-01 1.809153182199999987e+00 4.636346184999999842e+00 4.636346184999999842e+00 7.093825041899999739e+00
4.449765999999999999e-01 7.687717214000000521e-01 7.687717214000000521e-01 1.650951944500000046e+00 4.631627367500000148e+00 4.631627367500000148e+00 7.144677133100000077e+00
4.484912999999999816e-01 6.943444188999999822e-01 6.943444188999999822e-01 1.490967187699999918e+00 4.627313415999999791e+00 4.627313415999999791e+00 7.190968854200000315e+00
4.520061000000000218e-01 6.190714665000000005e-01 6.190714665000000005e-01 1.329366899999999907e+00 4.623417880399999902e+00 4.623417880399999902e+00 7.232613956299999813e+00
4.555208000000000035e-01 5.430278748000000322e-01 5.430278748000000322e-01 1.166321150899999992e+00 4.619952797099999842e+00 4.619952797099999842e+00 7.269536037299999975e+00
4.590355999999999881e-01 4.662836154000000177e-01 4.662836154000000177e-01 1.002001256700000065e+00 4.616928709899999816e+00 4.616928709899999816e+00 7.301668279800000327e+00
4.625503000000000253e-01 3.888963249999999872e-01 3.888963249999999872e-01 8.365782652000000041e-01 4.614354692600000085e+00 4.614354692600000085e+00 7.328953222200000006e+00
4.660651000000000099e-01 3.108932016000000020e-01 3.108932016000000020e-01 6.702195855999999452e-01 4.612238373300000305e+00 4.612238373300000305e+00 7.351342564900000376e+00
4.695797999999999917e-01 2.322162378000000027e-01 2.322162378000000027e-01 5.030794495999999505e-01 4.610585956599999591e+00 4.610585956599999591e+00 7.368797007599999560e+00
4.730945999999999763e-01 1.524957285999999912e-01 1.524957285999999912e-01 3.352615476999999955e-01 4.609402244800000048e+00 4.609402244800000048e+00 7.381286117900000221e+00
4.766093000000000135e-01 6.923818560000000177e-02 6.923818560000000177e-02 1.665566604000000006e-01 4.608690654700000167e+00 4.608690654700000167e+00 7.388788230300000315e+00
4.801240999999999981e-01 -3.700895030000000280e-02 -3.700895030000000280e-02 -2.279636789999999955e-02 4.608453231100000380e+00 4.608453231100000380e+00 7.391290374099999561e+00
4.801240999999999981e-01 -3.700895030000000280e-02 -3.700895030000000280e-02 -2.279636789999999955e-02 4.608453231100000380e+00 4.608453231100000380e+00 7.391290374099999561e+00
4.831679999999999864e-01 7.067829820000000318e-02 7.067829820000000318e-02 1.311603504999999947e-01 4.607823383300000408e+00 4.607823383300000408e+00 7.390421646800000133e+00
4.862118000000000273e-01 1.551854202999999877e-01 1.551854202999999877e-01 2.652255427999999915e-01 4.605938674599999949e+00 4.605938674599999949e+00 7.387820262400000004e+00
4.892557000000000156e-01 2.363624632000000114e-01 2.363624632000000114e-01 3.985288088000000228e-01 4.602813504000000222e+00 4.602813504000000222e+00 7.383500523200000387e+00
4.922995000000000010e-01 3.167161238999999795e-01 3.167161238999999795e-01 5.315184960000000070e-01 4.598471519000000285e+00 4.598471519000000285e+00 7.377485969300000335e+00
4.953433999999999893e-01 3.966763334999999779e-01 3.966763334999999779e-01 6.642427067999999712e-01 4.592945098699999562e+00 4.592945098699999562e+00 7.369808939800000402e+00
4.983872999999999776e-01 4.763664543000000196e-01 4.763664543000000196e-01 7.966836217999999636e-01 4.586274644999999595e+00 4.586274644999999595e+00 7.360509972700000070e+00
5.014311000000000185e-01 5.558254113999999690e-01 5.558254113999999690e-01 9.288043925000000200e-01 4.578507699300000233e+00 4.578507699300000233e+00 7.349637056999999807e+00
5.044750000000000068e-01 6.350613188999999492e-01 6.350613188999999492e-01 1.060560713699999935e+00 4.569697903299999808e+00 4.569697903299999808e+00 7.337244754000000313e+00
5.075188999999999950e-01 7.140690633999999815e-01 7.140690633999999815e-01 1.191904567199999931e+00 4.559903828899999567e+00 4.559903828899999567e+00 7.323393207499999669e+00
5.105627000000000359e-01 7.928372390000000269e-01 7.928372390000000269e-01 1.322785606400000091e+00 4.549187702800000288e+00 4.549187702800000288e+00 7.308147067500000205e+00
5.136066000000000242e-01 8.713512223999999584e-01 8.713512223999999584e-01 1.453151667600000030e+00 4.537614056499999826e+00 4.537614056499999826e+00 7.291574348800000216e+00
5.166505000000000125e-01 9.495946256999999724e-01 9.495946256999999724e-01 1.582948907300000041e+00 4.525248333200000417e+00 4.525248333200000417e+00 7.273745253899999597e+00
5.196943000000000534e-01 1.027549983599999939e+00 1.027549983599999939e+00 1.712121755999999939e+00 4.512155484700000052e+00 4.512155484700000052e+00 7.254730985800000198e+00
5.227382000000000417e-01 1.105199041899999957e+00 1.105199041899999957e+00 1.840612777500000075e+00 4.498398593000000112e+00 4.498398593000000112e+00 7.234602578299999642e+00
5.257821000000000300e-01 1.182522820800000041e+00 1.182522820800000041e+00 1.968362473500000043e+00 4.484037548299999898e+00 4.484037548299999898e+00 7.213429770500000338e+00
5.288258999999999599e-01 1.259501545000000000e+00 1.259501545000000000e+00 2.095309060800000012e+00 4.469127817799999569e+00 4.469127817799999569e+00 7.191279952000000364e+00
5.318697999999999482e-01 1.336114490099999941e+00 1.336114490099999941e+00 2.221388235700000102e+00 4.453719333199999575e+00 4.453719333199999575e+00 7.168217202600000171e+00
5.349137000000000475e-01 1.412339778300000015e+00 1.412339778300000015e+00 2.346532936400000047e+00 4.437855524599999768e+00 4.437855524599999768e+00 7.144301449200000320e+00
5.379574999999999774e-01 1.488154145200000000e+00 1.488154145200000000e+00 2.470673113000000143e+00 4.421572524200000132e+00 4.421572524200000132e+00 7.119587758899999841e+00
5.410013999999999657e-01 1.563532692099999899e+00 1.563532692099999899e+00 2.593735509300000075e+00 4.404898557500000145e+00 4.404898557500000145e+00 7.094125786500000252e+00
5.440452000000000066e-01 1.638448636899999977e+00 1.638448636899999977e+00 2.715643459699999873e+00 4.387853536499999763e+00 4.387853536499999763e+00 7.067959390100000405e+00
5.470890999999999948e-01 1.712873069800000092e+00 1.712873069800000092e+00 2.836316701299999909e+00 4.370448862900000009e+00 4.370448862900000009e+00 7.041126426399999971e+00
5.501329999999999831e-01 1.786774720799999994e+00 1.786774720799999994e+00 2.955671198400000144e+00 4.352687446000000016e+00 4.352687446000000016e+00 7.013658737200000104e+00
5.531768000000000240e-01 1.860119738200000095e+00 1.860119738200000095e+00 3.073618970700000119e+00 4.334563934700000232e+00 4.334563934700000232e+00 6.985582333199999994e+00
5.562207000000000123e-01 1.932871479299999917e+00 1.932871479299999917e+00 3.190067914900000190e+00 4.316065159399999906e+00 4.316065159399999906e+00 6.956917783799999810e+00
5.592646000000000006e-01 2.004990305699999809e+00 2.004990305699999809e+00 3.304921601100000217e+00 4.297170776199999764e+00 4.297170776199999764e+00 6.927680821600000094e+00
5.623084000000000415e-01 2.076433375800000203e+00 2.076433375800000203e+00 3.418079021400000084e+00 4.277854106500000420e+00 4.277854106500000420e+00 6.897883169600000031e+00
5.653523000000000298e-01 2.147154419200000053e+00 2.147154419200000053e+00 3.529434259199999868e+00 4.258083163100000235e+00 4.258083163100000235e+00 6.867533607999999568e+00
5.683962000000000181e-01 2.217103474299999988e+00 2.217103474299999988e+00 3.638876038899999887e+00 4.237821856300000078e+00 4.237821856300000078e+00 6.836639296899999607e+00
5.714399999999999480e-01 2.286226562199999979e+00 2.286226562199999979e+00 3.746287105600000000e+00 4.217031380699999943e+00 4.217031380699999943e+00 6.805207386400000225e+00
5.744839000000000473e-01 2.354465262899999800e+00 2.354465262899999800e+00 3.851543371700000051e+00 4.195671786900000200e+00 4.195671786900000200e+00 6.773246951800000026e+00
5.775278000000000356e-01 2.421756145999999887e+00 2.421756145999999887e+00 3.954512749000000049e+00 4.173703759100000354e+00 4.173703759100000354e+00 6.740771312099999690e+00
5.805715999999999655e-01 2.488029992199999985e+00 2.488029992199999985e+00 4.055053567599999909e+00 4.151090633799999985e+00 4.151090633799999985e+00 6.707800805899999830e+00
5.836154999999999538e-01 2.553210719099999970e+00 2.553210719099999970e+00 4.127800722799999988e+00 4.127800722799999988e+00 4.153012456699999966e+00 6.674366127799999937e+00
5.866594000000000531e-01 2.617213888399999799e+00 2.617213888399999799e+00 4.103810039099999862e+00 4.103810039099999862e+00 4.248221532899999708e+00 6.640512357799999599e+00
5.897031999999999829e-01 2.679944621100000202e+00 2.679944621100000202e+00 4.079105581600000363e+00 4.079105581600000363e+00 4.340494709399999707e+00 6.606303851799999904e+00
5.927470999999999712e-01 2.741294668600000151e+00 2.741294668600000151e+00 4.053689412899999844e+00 4.053689412899999844e+00 4.429622901200000129e+00 6.571830199799999939e+00
5.957909000000000121e-01 2.801138273599999895e+00 2.801138273599999895e+00 4.027583884000000225e+00 4.027583884000000225e+00 4.515367875699999978e+00 6.537213491200000171e+00
5.988348000000000004e-01 2.859326279199999821e+00 2.859326279199999821e+00 4.000838538100000008e+00 4.000838538100000008e+00 4.597454487800000322e+00 6.502617131900000125e+00
6.018786999999999887e-01 2.915677688300000181e+00 2.915677688300000181e+00 3.973539484299999813e+00 3.973539484299999813e+00 4.675561093399999812e+00 6.468256414799999909e+00
6.049225000000000296e-01 2.969967501699999790e+00 2.969967501699999790e+00 3.945822408400000203e+00 3.945822408400000203e+00 4.749308107300000081e+00 6.434410867399999567e+00
6.079664000000000179e-01 3.021909168100000098e+00 3.021909168100000098e+00 3.917890887500000030e+00 3.917890887500000030e+00 4.818245081399999741e+00 6.401437998399999607e+00
6.110103000000000062e-01 3.071129411499999851e+00 3.071129411499999851e+00 3.890042239300000038e+00 3.890042239300000038e+00 4.881837495900000157e+00 6.369787247299999677e+00
6.140541000000000471e-01 3.117132916500000128e+00 3.117132916500000128e+00 3.862703432400000025e+00 3.862703432400000025e+00 4.939455898300000314e+00 6.340011501200000232e+00
6.170980000000000354e-01 3.159255410900000172e+00 3.159255410900000172e+00 3.836478515000000034e+00 3.836478515000000034e+00 4.990372242600000341e+00 6.312771327300000124e+00
6.201419000000000237e-01 3.196608944799999907e+00 3.196608944799999907e+00 3.812203772100000165e+00 3.812203772100000165e+00 5.033771018999999569e+00 6.288824331799999889e+00
6.231856999999999536e-01 3.228038316300000155e+00 3.228038316300000155e+00 3.790991657999999820e+00 3.790991657999999820e+00 5.068784785900000145e+00 6.268990036299999957e+00
6.262296000000000529e-01 3.252138662500000166e+00 3.252138662500000166e+00 3.774213495300000165e+00 3.774213495300000165e+00 5.094562190199999563e+00 6.254082186199999782e+00
6.292735000000000412e-01 3.267419262000000213e+00 3.267419262000000213e+00 3.763335892699999796e+00 3.763335892699999796e+00 5.110367832899999740e+00 6.244809139300000034e+00
6.323172999999999710e-01 3.272671109800000089e+00 3.272671109800000089e+00 3.759553325899999798e+00 3.759553325899999798e+00 5.115696593400000047e+00 6.241659719900000347e+00
